4037 0.00192550251647925
2625 0.00140985779486668
15 0.00139186950255021
6634 0.00135527822513999
2398 0.00116429516265963
2328 0.00110260950879859
2470 0.00104687988582006
5254 0.00102872900085895
7632 0.00102458848889089
3089 0.00100160058961159
3352 0.00098220518071243
4191 0.000980309786889616
4310 0.000961703071431759
6832 0.000929636518433719
2237 0.000918565947309447
4335 0.000912504919638022
2066 0.000908189423723846
3456 0.000881605993132286
737 0.000865671994166425
4256 0.000817949432368472
7092 0.000805319808028392
1297 0.000789340432090799
5412 0.00078841753548768
4712 0.000775104233839006
3537 0.00072735191730082
3498 0.000719658154166072
4983 0.000714746880786537
1186 0.000707491401789757
825 0.000702486683650675
6946 0.000702130355717119
2657 0.00070128199892464
6774 0.000699599411369912
7553 0.000699567257027151
6006 0.000682256195084581
2746 0.000678091629563021
4981 0.000675489098828105
3898 0.00066777695976667
3238 0.000665700843325223
271 0.00066043198706061
2871 0.000643597123627571
665 0.000634397849163286
4875 0.000630178375910529
5404 0.000622967353076272
3260 0.000622650925148293
1549 0.000622436574113271
3084 0.000617697404192487
3334 0.000616727786012076
762 0.000614913582546774
7620 0.000614425997166887
6784 0.000611110811239659
4040 0.000604139435151486
4735 0.00060388676578748
5079 0.000601409399061799
3562 0.00059943908500625
3034 0.00059630143616319
993 0.000589146857323108
2535 0.000586311604594492
3897 0.000585000598517718
2651 0.000581262581703585
7809 0.000575519292074433
6124 0.000570670971463537
6334 0.0005704793241183
5459 0.000569646845342897
2485 0.000568302613219252
2654 0.000568006780827007
1754 0.000562997112131518
4600 0.000562274561469148
8042 0.000549005984649746
5543 0.000537021704980985
86 0.000536419605797549
8163 0.000524895333563893
6299 0.000523714476166452
6044 0.000520588033581404
4261 0.000519768518049343
4828 0.000519550060433244
2576 0.000513427308929445
1633 0.000508234925721925
2594 0.000505036202217396
28 0.000501891849827479
7860 0.000498449794226293
3321 0.000494469578603533
6330 0.000491531272712803
3568 0.000491531025310775
2660 0.000489099863955713
2565 0.000485483227081347
3408 0.000485425101522418
7961 0.000484493249065853
7214 0.000483220713394672
8293 0.000476302151688664
5563 0.000475405580125343
1726 0.000472922356772684
5693 0.000472248473037952
1638 0.000472116356410294
4531 0.000463489496774504
5022 0.00046092586471355
7414 0.000458784129314673
6914 0.00045814348408814
6059 0.000456775503298934
2859 0.000452937260870831
4099 0.000452126763696174
