4037 0.00183331895201232
4983 0.00159874612919912
7860 0.00158792137047855
2625 0.00138122062900847
2398 0.00132441600133654
3034 0.00129718307222026
4335 0.00128793639579145
3089 0.00124286610406818
15 0.0012091901541973
825 0.00114504433987447
6946 0.00108382051487201
4191 0.00108164065346888
2237 0.0010319145033717
2328 0.00102892955506301
6124 0.00102100508128407
3352 0.000972220748034919
5412 0.000966481225184601
6634 0.000959310033552203
1186 0.000943713597939557
2066 0.000891902896417473
7632 0.000825841551866558
3537 0.00081936862100226
6832 0.000819063905966304
7553 0.000817335745330699
5254 0.000810066216735738
3456 0.000792925795928093
737 0.000789855488068265
2775 0.00076916138242617
4712 0.00075255037856362
7092 0.000695407863776203
2470 0.000680121780547645
2654 0.00066804803199364
1297 0.000664245872143931
3260 0.00066315374473628
762 0.000654252162566787
7809 0.000644915951764634
7620 0.000633576009764983
4828 0.000620047795037382
4798 0.000614928446198024
4735 0.000614508951237945
2594 0.000601005292124238
1549 0.000596617081228843
2657 0.000588624442294012
5079 0.000587924266519641
2565 0.000569999352084613
3334 0.000566940828667979
1633 0.000566266480072052
3321 0.000565962760514075
2576 0.000561719970316505
2117 0.000557554752206066
6299 0.000556333932370632
5123 0.000548397907940469
3026 0.000546915960573202
8293 0.000546697447155115
1166 0.000546242813941158
5563 0.000536186934770346
5543 0.000534322448333803
4269 0.000532903890291306
2871 0.000531989194371023
7961 0.00053009804856916
5459 0.00052992941465147
3897 0.000524105784995145
271 0.000523506766099792
6156 0.000521326583994217
2660 0.000519284352641912
4099 0.000519025511006026
3562 0.000513274044669008
7115 0.000502191047594126
993 0.000501419896472809
1956 0.00049466652379036
4531 0.000491086740210299
2504 0.000490990257867721
3238 0.000490177296271517
4661 0.00048986713022527
856 0.000486564344869887
214 0.000483135563488186
667 0.0004810491136351
4261 0.000477555950246689
3568 0.000475312183963639
3125 0.00047099050430268
840 0.000465664847438201
5484 0.000465339810333806
4600 0.000463453812004581
1412 0.000461484121665335
1688 0.000455302904225143
5423 0.000454901689905043
5028 0.000452903903569639
2653 0.000452316203067484
4103 0.000434115289633777
2535 0.000432038822968574
4310 0.000428805679263238
2585 0.000428599170487837
7021 0.000428505677773944
28 0.0004279054140511
3962 0.000425869515121526
4981 0.000425457167854711
2517 0.000424761928697205
4124 0.000424355373829315
5022 0.000421013104990495
6790 0.000417606132721606
