4983 0.00178733797641414
7860 0.00178563660065044
4037 0.00160897162319271
4335 0.00132578877889408
3034 0.00131627710236925
2398 0.00130121473252389
2066 0.00117516042620392
2625 0.00116771150518932
15 0.00113894582977685
3089 0.0011212071430645
825 0.00110379123629778
4191 0.00107873304927783
2328 0.000963697941249542
7553 0.000961419752235488
1186 0.000947149989297232
3456 0.00092147326197315
6832 0.000903907283962142
737 0.000875244750855865
5412 0.000861477855360068
3537 0.000856505606283559
6124 0.000823027652513124
3352 0.000807702724228451
2237 0.000796849587465105
7092 0.000773060629496052
4735 0.000754254646138412
6946 0.000733026006174849
7632 0.00072421031732533
7063 0.000713630356782183
4712 0.000707408757722871
3125 0.000703957573816341
856 0.000680123578225447
3321 0.000677362174964562
5254 0.000670413197338764
7620 0.000664702425398724
762 0.000630356949803537
5563 0.000628483597706531
1633 0.000621767853776634
4828 0.00061695944649117
2565 0.000608314841131672
1297 0.000602287015644817
3026 0.000587304775805793
3897 0.000574148618233614
2657 0.000572630242270385
2660 0.00056999880136681
7961 0.000564253261439368
3562 0.000563785808758708
5543 0.000562205655452998
6299 0.000559415428813787
840 0.000558673574789671
4600 0.000549843284885851
7809 0.000548476221268275
2323 0.00054429060779294
3260 0.000543857211881185
4269 0.000543311318305531
2654 0.000540759561067493
2871 0.000537285739699615
2594 0.00053594029340938
2470 0.000535128140728897
4531 0.00053503055661667
271 0.000531893661106995
4099 0.000527365870196953
4124 0.000518788568480581
5459 0.000518355792434691
214 0.000517072812005853
2485 0.000514664205994153
1956 0.000511949505704417
1549 0.000508194289020676
2145 0.000507083966710096
4256 0.000505659004722434
5079 0.000504471966260169
6634 0.000497605477459828
7115 0.000495962543090543
5210 0.000485304522436528
8293 0.000477162168017182
2535 0.000468847412497091
1836 0.000468795812439647
2653 0.000463891829997896
3568 0.000462572769358857
3334 0.00046117072505003
4661 0.000456556792199009
993 0.000454463999046389
6330 0.000454363082708207
1966 0.000449964748032071
2651 0.000449926463427775
8121 0.000446394122716391
5123 0.000440717755347294
2325 0.000434711073805108
3024 0.000431751701700393
7699 0.00042882556744664
2585 0.000426975295362236
3291 0.000426962874274476
6784 0.000425848105299059
2504 0.000425612170542707
5028 0.000421996895192676
4846 0.000415011301653592
1893 0.000412304670767019
579 0.000411910384445061
417 0.000411837668645518
28 0.000410948225070788
2456 0.000403245596434233
