4037 0.00182200142799067
2625 0.00161916392340621
6634 0.00143895860873409
15 0.00135874847111626
2328 0.00112702787940856
2398 0.00112270426181303
7632 0.000980794266368866
3089 0.0009774907341506
2470 0.000975501307764499
5254 0.000961892859397563
3352 0.000950714496391188
4191 0.000940875997294234
3456 0.000938120955079061
7553 0.000900313792097271
2237 0.000896908815319629
737 0.000888299202273493
6832 0.000880871228516995
2066 0.000867985574258874
7092 0.000843176496890004
2958 0.000802983310213684
5412 0.000791823273978896
4310 0.000788905610760802
1297 0.000758769967874443
4712 0.000750322050174721
762 0.000746468320817862
4040 0.000741854254080158
6006 0.000729472877745271
4256 0.000727512571290655
1186 0.000725174615995843
2657 0.000721423857558932
4335 0.00070657142070983
6774 0.000697718287724694
665 0.000696205404388501
3537 0.000680510138898812
3498 0.000660878987917113
3238 0.000659193261536253
4875 0.000647866433779567
825 0.000644564095836007
993 0.000643146196183459
6946 0.000626493060445331
2871 0.000615618654210357
3084 0.000614910466016647
7620 0.000614331447311317
271 0.000612590156415919
5123 0.000612264869865374
2535 0.000610588099952486
4735 0.000609840417012243
5079 0.000604865296190068
3568 0.000603878227519323
2485 0.000603787860055933
5404 0.000601192618346597
6334 0.000601100300992763
1549 0.000597531958100347
2654 0.000587703943852745
3562 0.000582140045659379
6059 0.000576392271472641
4261 0.000572903524533197
2859 0.000571892574629168
5459 0.000568748629938946
2746 0.000564519154715712
5543 0.000563991214667788
4600 0.000562316977331659
2565 0.000560817174324369
5484 0.000558720863611646
4400 0.000549379662102191
6784 0.00054814443828198
3334 0.000547336296385563
7809 0.000540225478224116
8042 0.000539918211965993
3321 0.000539689892414376
2651 0.000537135301387938
3897 0.000535844092631265
4828 0.000518780785815001
3034 0.000514666545420817
2576 0.000503826770050893
7961 0.000503013129779234
4531 0.000496636994662281
6330 0.000495709953394368
3005 0.000494952370766812
1633 0.000493445602880801
2594 0.00049081537044351
7890 0.000490734696419349
3408 0.000489047977114469
4666 0.000484482779556248
3260 0.00048421777842259
6124 0.000484185259677123
4981 0.000483686174395388
3443 0.000479739452487819
3962 0.00047957080021581
5022 0.000478967783480873
6914 0.000477686084765707
28 0.000477483501870029
1754 0.00047485151128264
86 0.000471801701515029
1726 0.000469437446857599
5563 0.000466593105956555
1842 0.000465203527397043
3024 0.00046469783346838
7214 0.000464420618295487
1638 0.000459609137679247
