4037 0.00205519580888349
4983 0.00167315861829723
7860 0.00163091895892145
15 0.0015220501853088
2625 0.00133518258870592
6330 0.00130257533349265
4335 0.00124181407449481
2328 0.00124177839853075
2398 0.00123585436398843
6334 0.00122372117228323
6634 0.0010969696607117
3352 0.0010823970051075
5254 0.00106067530906132
4191 0.00103104249642891
3089 0.00103032031330822
2470 0.00102534474850408
3456 0.0010233556835064
4256 0.00100363431488427
5412 0.000989026841006816
825 0.000984915665112098
2066 0.000942041565741046
4310 0.000919916680450126
7632 0.000906403044519751
737 0.000901716537040605
2237 0.000892135096824377
6124 0.000854678504108282
6832 0.000811727358459876
762 0.000739513541066976
1297 0.000727640880377811
3537 0.00072697457856516
6946 0.000725613648928113
4712 0.000712109600571179
7553 0.000700734731459298
3238 0.000700173864412958
1186 0.000692298429501909
1549 0.000690432988569548
2657 0.00068516830267028
7620 0.000678716262017947
4040 0.000675332141683044
6299 0.000675046627231803
7809 0.000665632899976408
2485 0.000660174621161707
3897 0.000659817021975461
2871 0.000653090963669885
7092 0.000649035101334466
4600 0.000648678122684068
2654 0.000641003805204409
5079 0.000629500591292956
5459 0.000626663649916454
993 0.000622539699767777
271 0.000621771508210301
2535 0.000616653256865045
3260 0.000611885885294026
8163 0.000607532836739078
4735 0.000592694483314459
2775 0.000591916203031484
7214 0.000581766540229905
1754 0.000581334393059767
5543 0.000580909389704091
4531 0.000569421562566372
3562 0.000564962373876985
6774 0.000560449242819244
665 0.000554723637426684
5404 0.000551179019255251
2565 0.000549395290005263
2117 0.000547826668319897
7882 0.000544583559963214
3568 0.000537712954637251
7961 0.000535795615939992
5123 0.000530867718329607
3334 0.000530168288846809
8293 0.000528766154969984
3034 0.000520826364702765
2576 0.000520196473558154
2594 0.00051688779770553
1956 0.0005137524338771
4828 0.000512652859333266
4261 0.000511865085676003
5563 0.000511835595621451
1633 0.000509670409908089
2660 0.00050321986089057
7115 0.000503035721914935
86 0.000497088718618979
1726 0.000495525683662645
6044 0.000494245497789835
7021 0.000483917310125201
214 0.000478208444907656
3321 0.000472047950596534
2585 0.000468354299073406
2504 0.000466344619847361
2859 0.000462819762349739
3498 0.000459329205978608
3005 0.000457486641911364
4661 0.000455545218503473
4400 0.000455424726272607
1688 0.000454018230550392
7890 0.000451314727827582
3024 0.000446909654990183
3439 0.000445874200629852
4099 0.000445689375683671
