4037 0.00187072911044603
2625 0.00161501792166737
6634 0.00148391127174924
15 0.00133619421953771
2398 0.00111313472585821
2328 0.00110330897827902
5412 0.000999596237518941
7632 0.000962892687660873
2470 0.000955979958563646
3089 0.000949064577926985
3352 0.000924376398406677
737 0.000916210790896145
2237 0.000908272301387497
4191 0.000902330040099333
5254 0.000897316870580154
3456 0.000896130240752467
7553 0.000890516984729817
6832 0.000886151143805515
2066 0.000824043152301863
1297 0.00081977169428467
7092 0.000808603187784819
4310 0.000795787725967325
6774 0.000775094190114867
4712 0.000757654819567558
762 0.000744092549699038
1186 0.000726757466600943
993 0.000713805019949373
2958 0.000710220337344525
665 0.000707214458163011
6006 0.000703591630723214
2657 0.000700927168534795
4335 0.000688676657549704
4735 0.00067951325278184
4875 0.000675233946274163
3537 0.000657222833672518
4256 0.000649735408603064
4261 0.000641579121642396
7620 0.000640359052887909
3238 0.000640330505489178
5484 0.000622579226485417
6946 0.000620398904889557
271 0.000620099803681682
3568 0.000617092051309086
5123 0.000615441222730154
3498 0.000606749090905844
2485 0.000605753952329112
825 0.000603264564928294
3084 0.000602726521325677
1549 0.000602357127936619
6784 0.000600724289993448
5079 0.000600212853947736
2871 0.000594461918304865
2535 0.000585796997001324
5404 0.000585572949797735
6334 0.000582028984328653
2654 0.000577499011127333
5459 0.000577470035806611
6059 0.000566821012294428
2565 0.000558814807388899
4400 0.000558210541002823
5543 0.000557684746856777
4600 0.000556327743285583
3562 0.000554399587451805
2859 0.000551655943811348
8042 0.000541725138266826
3334 0.00053864634388377
2746 0.000537516942893884
4828 0.000533234074781801
5022 0.000532590983964147
2651 0.000528406860089829
7809 0.000526280186621758
3897 0.000525039713067043
3321 0.000517516947826218
5226 0.000512964278628242
3034 0.00050767033971969
2576 0.000499367102587262
1211 0.000496538571016875
1726 0.000496343006867765
1633 0.000496291450261112
4040 0.000494221038926756
7961 0.000492010040430542
4981 0.000489123934393012
6330 0.000482783390368972
4531 0.000481339662209224
7890 0.000479988292642421
5605 0.000477627889108761
3962 0.000476994350627409
86 0.000476144602903075
1754 0.000475044494453431
1842 0.000474131256436158
4666 0.000474119437154579
3005 0.000472319412278638
7214 0.000471931089060781
3443 0.000471847559880695
2594 0.000469969410023988
5563 0.000468526283728024
28 0.00046824554742122
3260 0.000466724292134565
6914 0.000462532677810179
7021 0.000459639967900192
