4037 0.00201836657173591
15 0.00143409085738917
2625 0.00139764643725363
6634 0.00137180420529805
4335 0.00121122631829716
2398 0.0012106721298559
2328 0.00114056069710174
3352 0.00104232268458761
3089 0.00104114660380911
5254 0.00103454346290378
4191 0.00102061259709743
3456 0.00101639977268542
2470 0.00100156962280522
737 0.000983629942676149
4310 0.000972132088145029
6832 0.000959784179086056
7632 0.000938155516459567
2237 0.000919482695192935
2066 0.000895938826911828
5412 0.000880792714766295
3498 0.000820395875725004
4256 0.000818084560956282
4983 0.000777808213941707
1297 0.000741565138456703
825 0.000726985191402087
3537 0.000723781445623383
1186 0.000711368246482994
4712 0.000694847928491632
4981 0.000682531277404282
6774 0.0006801232526936
7553 0.000679563263745422
5079 0.000672893310636037
6946 0.000669250711416519
2657 0.000663880541387733
7092 0.000660441532173173
2485 0.000660061665454219
762 0.000655678054364731
1549 0.000651275103996018
2871 0.000647049554008199
271 0.000645266179724176
3238 0.000641359143390701
3260 0.000640790059956579
6006 0.000636367841838657
993 0.000633167689112544
6124 0.000623878690576465
7882 0.000623499606015633
5404 0.000611240449789409
4040 0.000608165826939855
5459 0.000600965244845612
7620 0.000598705046702893
7809 0.00059853601260379
2654 0.000589570207999727
1754 0.000588522998060955
3562 0.000586860956458975
3897 0.000585603910390699
4735 0.000580016135545396
6299 0.000573501766193001
5543 0.000569344698197768
4828 0.000568507459753251
665 0.000568113186689457
4600 0.000563935165675566
2535 0.000563013758166637
2594 0.00056093083796652
7860 0.000556957070595178
2565 0.000554041696625586
6784 0.000553342812209706
2576 0.000547641470839084
6334 0.000547175606837547
2746 0.000546936200655135
3034 0.0005455076726556
4261 0.000544432468704756
3334 0.000540633100396259
8042 0.000530408283251848
6044 0.000528123471162571
3321 0.000521468367695817
2660 0.000516022094994624
5605 0.000515715115377919
8163 0.000515340687303746
1633 0.000506761693107721
86 0.000504079575338437
2775 0.000500380963774309
7214 0.000500207822266492
6330 0.000499083238967194
3568 0.000497620508389212
5693 0.000496849884259742
4531 0.000495956697272441
2117 0.000495591862517042
1638 0.000490159452529617
8293 0.000487334956778283
5563 0.000484787863853004
7908 0.000483002948266799
3005 0.000473435290082519
7961 0.000472638774097935
5123 0.000467900403923412
6914 0.000465359899163183
3439 0.000464706491160456
7021 0.000463945217151804
1726 0.000463290871122745
3084 0.000461073034930525
1412 0.000454377272597732
