7860 0.00222131985082281
4983 0.00221392412789907
2398 0.00161772375760042
4037 0.00129053064239554
3034 0.00119484815808238
3456 0.00106119559333626
3089 0.00105375799725443
2625 0.00104648681538378
6832 0.000954169285833031
2328 0.000936896113480441
15 0.000910198108753046
737 0.000848691987577543
4712 0.000839576687031441
7632 0.00077881080264725
762 0.000777503032706706
2066 0.000748667720786177
7553 0.000745181954936882
4735 0.000738970978117219
4191 0.000726576585527566
5254 0.000716009367791853
6946 0.000715747253860966
5543 0.000703218303641332
2653 0.00068619703340214
1734 0.000678211739743548
7620 0.000662682235790149
5412 0.000644469971879718
7809 0.000643120995280676
4600 0.000640783993089038
1186 0.00062781530287505
3748 0.000625094576985511
2145 0.000624426780646218
5459 0.000620652309420596
3352 0.000615699110503431
282 0.000612653709917058
2657 0.000612374825285719
3024 0.000611805966506823
1633 0.000600778467496969
4335 0.000598360873500087
4661 0.000587723928354401
2594 0.000586700739546104
4999 0.000580967089803764
6330 0.000573121540980156
2128 0.000559018115743544
4099 0.000550506536795125
1549 0.000511281282700122
1031 0.000506170889726996
271 0.000499109869508243
2256 0.000496844405960906
2585 0.000494801231434364
2851 0.000492255541394705
2410 0.000488564944659662
2643 0.000487713317635173
6299 0.000486256521039043
1297 0.000485717483508339
993 0.000485587749712862
2237 0.000482211362210846
3897 0.000479666391471846
3026 0.000475009475234427
7115 0.000471874625746071
417 0.000470002677110878
2470 0.000461743353236045
856 0.000459695079791375
7890 0.000459437162334248
49 0.000455016014401863
2775 0.000450948197666449
2144 0.000447182467152822
5210 0.000445280344083813
5423 0.000440718821912004
4587 0.00043769377419062
6634 0.000437297503819627
4463 0.000432518934047291
5123 0.000432016985902192
6875 0.000430926623075745
1157 0.000430472878258208
1888 0.00043003897512012
5506 0.000429922141516135
3537 0.00042906326505384
7795 0.000426381123686811
3643 0.000423028825984346
1285 0.000422921182422521
4828 0.000417622628790649
2565 0.000416627978447656
4247 0.000414554817504034
3334 0.000413157364938639
4290 0.000413061407069708
3020 0.00041027786380396
2651 0.000408983787233442
2231 0.000407209953634685
4266 0.000403463090570794
5301 0.000399641865191011
3615 0.000399054256081887
2323 0.000398124100858614
2456 0.000392367819087378
3238 0.000390973227707206
7961 0.000390937013873141
1956 0.000386843972602957
2117 0.00038586501456415
2251 0.00038562528504216
4310 0.0003846394896039
3005 0.000382694044766096
