4037 0.00203855590963897
4983 0.00170233561268131
7860 0.00165491374473553
15 0.00145196269513889
2625 0.00134937175358782
6330 0.00133604176831844
2398 0.0013258946507493
4335 0.00127702034106421
6334 0.00123298429147423
6946 0.00109007779402485
2328 0.00108506250341569
3089 0.00107116022356633
5254 0.00106538727192428
4191 0.00102643767869511
2470 0.00101133839845331
3456 0.00100208858933063
3352 0.000984553424749965
825 0.000984389026365645
6634 0.000984299857576127
5412 0.000973287201201345
4256 0.000966500933438205
2237 0.000956132267455844
2066 0.000929797179312764
1186 0.000889776080863268
6832 0.000879952458552023
7632 0.000859912722074958
6124 0.000848821117885141
737 0.000798114322942083
3537 0.000771757972630624
1549 0.000744601319811632
1297 0.000743013703740836
4712 0.000741795545878605
762 0.000731720171033997
7553 0.000697946292169632
2485 0.000686046597884748
3238 0.000677431163506478
7620 0.000664928805842663
3034 0.00065870245315802
7809 0.000649643754635226
6299 0.000645585227520357
3260 0.000642895525601172
5079 0.000637852923957289
2594 0.000635046170550493
2654 0.000631481648477339
6044 0.000619464011069778
5543 0.000618037230154979
5459 0.00061637584005643
7092 0.000604613306896721
4735 0.000600981857615894
2565 0.000586599866914154
3897 0.000582569567856284
7882 0.000574659838157417
8293 0.000573662671192659
2871 0.000572890609751955
271 0.000568577780800101
2657 0.000568529979000766
4600 0.000568492044931736
5404 0.000568432950309254
665 0.000560680901757493
2535 0.000555878652843739
5123 0.00055286226954421
3562 0.000542970111073136
4828 0.000539706033946507
993 0.000535270663856955
6774 0.00052648267093186
5563 0.000523963626640481
3334 0.000519063616140395
1633 0.000513688616508803
2576 0.000513391675811737
7961 0.000508559070110706
1166 0.000505004218576078
1437 0.000502670785278619
6156 0.000502042057821048
7021 0.000491570417885915
2660 0.000487130064962843
3568 0.00048271701677159
2117 0.000482359410748748
214 0.000482011644538261
4531 0.000476290156487107
2504 0.000472899776130753
2410 0.000469787361961884
2145 0.00046780751137537
5484 0.000464668224818856
2775 0.000463908215841369
4099 0.000463383146267089
2859 0.000461212797472299
4310 0.000459675758763744
7115 0.000457909840300175
2653 0.000457426387132784
1956 0.000456096654273905
4261 0.000452600533416228
4661 0.000449977058538935
5022 0.000449336965265662
7890 0.00044891326725666
8121 0.000447684425465772
3024 0.000442491635034827
3454 0.000441527920166092
3026 0.000436265516846186
28 0.000435606657196157
1688 0.000434634085851666
